[[0, 140, 31, 150, 162, 155, 62, 155, 27, 6, 191, 48, 157, 65, 145, 31, 50, 104, 174, 167, 152, 18, 164, 21, 94, 119, 9, 82, 1, 16],
[141, 0, 182, 121, 115, 196, 20, 160, 163, 160, 134, 20, 96, 7, 132, 127, 52, 149, 33, 120, 198, 75, 168, 66, 111, 188, 193, 170, 26, 161],
[33, 182, 0, 85, 57, 106, 90, 96, 151, 85, 174, 43, 94, 116, 114, 10, 157, 87, 184, 48, 159, 73, 38, 50, 95, 71, 33, 20, 41, 102],
[150, 121, 85, 0, 129, 88, 125, 147, 72, 31, 152, 127, 129, 154, 96, 69, 113, 157, 63, 147, 17, 43, 32, 60, 162, 161, 71, 132, 164, 78],
[162, 115, 57, 129, 0, 193, 15, 79, 167, 172, 164, 191, 80, 154, 63, 193, 111, 146, 104, 183, 190, 170, 162, 188, 192, 80, 114, 50, 155, 117],
[154, 196, 106, 88, 193, 0, 118, 40, 194, 168, 79, 134, 118, 51, 170, 48, 49, 57, 52, 199, 51, 53, 10, 82, 165, 190, 28, 58, 132, 80],        
[62, 12, 90, 125, 15, 118, 0, 10, 74, 139, 22, 57, 51, 142, 85, 128, 62, 155, 174, 21, 176, 154, 198, 136, 22, 109, 3, 65, 86, 123],
[155, 160, 96, 167, 79, 40, 10, 0, 125, 6, 20, 104, 166, 27, 113, 197, 65, 142, 156, 69, 41, 129, 133, 56, 104, 180, 77, 145, 57, 44],
[27, 163, 151, 72, 187, 194, 74, 125, 0, 104, 34, 37, 108, 52, 196, 114, 171, 76, 1, 10, 111, 178, 49, 17, 66, 84, 11, 68, 29, 94],
[6, 160, 85, 31, 172, 168, 139, 6, 104, 0, 43, 49, 79, 164, 111, 80, 76, 24, 157, 130, 127, 29, 76, 104, 161, 197, 53, 96, 157, 97],
[191, 134, 174, 152, 164, 79, 22, 20, 34, 43, 0, 23, 166, 114, 79, 72, 58, 97, 89, 77, 132, 105, 180, 108, 115, 169, 136, 80, 19, 172],
[48, 20, 43, 127, 191, 134, 57, 104, 37, 49, 23, 0, 146, 61, 106, 156, 113, 162, 161, 101, 164, 76, 7, 190, 43, 118, 178, 7, 192, 1],
[157, 96, 94, 129, 80, 118, 51, 166, 108, 79, 166, 146, 0, 17, 102, 100, 3, 151, 15, 51, 7, 5, 37, 37, 4, 197, 158, 49, 186, 45],
[65, 7, 116, 154, 154, 51, 142, 27, 52, 164, 114, 61, 17, 0, 115, 39, 114, 105, 119, 45, 122, 182, 55, 173, 123, 135, 123, 44, 181, 54],
[145, 132, 114, 96, 63, 170, 85, 113, 196, 111, 79, 106, 102, 115, 0, 64, 173, 98, 29, 26, 95, 200, 192, 50, 35, 169, 38, 167, 104, 125],
[31, 127, 10, 69, 193, 48, 128, 197, 114, 80, 72, 156, 100, 39, 64, 0, 102, 40, 2, 56, 156, 145, 33, 75, 109, 7, 139, 165, 125, 48],
[50, 52, 157, 113, 111, 49, 62, 65, 171, 76, 58, 113, 3, 114, 173, 102, 0, 12, 68, 41, 173, 61, 109, 112, 51, 103, 106, 187, 143, 163],
[104, 149, 87, 157, 146, 57, 155, 142, 76, 24, 97, 162, 151, 105, 98, 40, 12, 0, 98, 68, 8, 94, 35, 3, 125, 55, 90, 49, 164, 4],
[174, 33, 184, 63, 104, 52, 174, 156, 1, 157, 89, 161, 15, 119, 29, 2, 68, 98, 0, 97, 78, 151, 105, 49, 77, 166, 148, 62, 17, 108],
[167, 120, 48, 147, 183, 199, 21, 69, 10, 130, 77, 101, 51, 45, 26, 56, 41, 68, 97, 0, 136, 196, 159, 6, 24, 187, 7, 91, 30, 109],
[152, 198, 159, 17, 190, 51, 176, 41, 111, 127, 132, 164, 7, 122, 95, 156, 173, 8, 78, 136, 0, 151, 118, 159, 171, 6, 91, 86, 139, 58],
[18, 75, 73, 43, 170, 53, 154, 129, 178, 29, 105, 76, 5, 182, 200, 145, 61, 94, 151, 196, 151, 0, 30, 97, 175, 74, 150, 111, 64, 134],
[164, 168, 38, 32, 162, 10, 198, 133, 49, 76, 180, 7, 37, 55, 192, 33, 109, 35, 105, 159, 118, 30, 0, 26, 184, 23, 61, 26, 37, 54],
[21, 66, 50, 60, 188, 82, 136, 56, 17, 104, 108, 190, 37, 173, 50, 75, 112, 3, 49, 6, 159, 97, 26, 0, 129, 136, 2, 90, 175, 198],
[94, 111, 95, 162, 192, 165, 22, 104, 66, 161, 115, 43, 4, 123, 35, 109, 51, 125, 77, 24, 171, 175, 184, 129, 0, 128, 77, 94, 52, 49],
[119, 188, 71, 161, 80, 190, 109, 180, 84, 197, 169, 118, 197, 135, 169, 7, 103, 55, 166, 187, 6, 74, 23, 136, 128, 0, 52, 29, 38, 66],
[9, 193, 33, 71, 114, 28, 3, 77, 11, 53, 136, 178, 158, 123, 38, 139, 106, 90, 148, 7, 91, 150, 61, 2, 77, 52, 0, 62, 121, 95],
[82, 170, 20, 132, 50, 58, 65, 145, 68, 96, 80, 7, 49, 44, 167, 165, 187, 49, 62, 91, 86, 111, 26, 90, 94, 29, 62, 0, 185, 66],
[1, 26, 41, 164, 155, 132, 86, 57, 29, 157, 19, 192, 186, 181, 104, 125, 143, 164, 17, 30, 139, 64, 37, 175, 52, 38, 121, 185, 0, 43],
[18, 162, 103, 80, 119, 82, 124, 46, 96, 98, 174, 3, 48, 57, 128, 50, 165, 6, 110, 111, 60, 136, 56, 200, 51, 68, 97, 68, 45, 0]]